0.12759788811914427042459863 0.85805841242713709604572614
0.17624439222388377235262169 0.33454390087588120605843756
0.88717307046723836716495271 0.23569444868312630636530969
0.74684896389660326843085159 0.19290749839777826535325289
0.67397076326792204614690718 0.41697439497054961110578120
0.04324472792748802058016011 0.81127353740043339769272279
0.44080935087130346250461344 0.80971709341715747410006543
0.31284524063844720842553215 0.30259102145451216570037900
0.46952726828821678140002405 0.41254921109653003297168539
0.59367656483657338384318791 0.48777733695486313880707030
0.61110263374736772945539087 0.11001922666096987379891203
0.12314218573564866821001829 0.80080568865016632518205597
0.21475875118259224461070289 0.07095553453169346769247028
0.95220801416058842292500231 0.12591937009796441704345682
0.90325632496108887448116320 0.53202917569505903117033085
0.17017120883816033716229299 0.09753715628528702996646871
0.84957426679280978465413909 0.74684896389660326843085159
0.64793847468489640384348149 0.89437543870357372188806266
0.71227149266029843310832348 0.38282418286690877984312920
0.70430616168706317026249053 0.05865657521286660180948047
0.88518936735129860604587293 0.14609210486159857067534062
0.60280159916989650703555981 0.37253944517349774079306712
0.21750541703543199711923251 0.91650135807367172358084417
0.28464613788262582705357318 0.32193975646229439080414636
0.86135441145054481015819192 0.17343668935209205494984985
0.24451429792168949406416800 0.17960142826624347911490531
0.40205084383678701964726088 0.99414044618060848357288251
0.95480208746604811054226047 0.23874629963072602212292850
0.92828150273140663806259454 0.40510269478438670764930407
0.74523148289437546321067884 0.22818689535203101614868615
0.19742423780022583246207546 0.36896877956480605975642106
0.54362620929593796770262770 0.44035157322916346211982841
0.55363628040406509533966073 0.18652912991729483915825938
0.38450270088808863322427101 0.60353404339732052985567634
0.75307473982970674075687612 0.59672841578417312735638234
0.09106723227637562867453624 0.02932828760643330090474024
0.35465559862056339479607914 0.35486922818689536907044157
0.03781243324076052209070653 0.06714072084719382993434067
0.83080538346507160074594367 0.57060457167271949607822989
0.39893795587023528348424861 0.39597766045106358445693218
0.05520798364207891995025790 0.58690145573290197766880283
0.78972746971037932617321076 0.18591875972777488490450537
0.32435071871089815598310224 0.68144779808954125677189495
0.70659504989776300565296197 0.65971861934263131832523186
0.56764427625354774153976223 0.37137974181340982493537695
0.67217017120883815195497846 0.08597064119388408975908078
0.90404980620746477892879511 0.60298471022675248498501333
0.49183629871517076104225907 0.73546555986205630617291717
0.20001831110568560334606047 0.60701315347758411089529318
0.52772606585894343833587072 0.83141575365459152724412206
0.78615680410168764513656470 0.70189519943845946059468588
0.39664906765953550360492841 0.02514725180822168643102188
0.98800622577593311124388720 0.82482375560777609901919050
0.99801629688406012785861776 0.42847987304300055866335128
0.62758262886440630001771979 0.07303079317606128717521585
0.27802362132633440250373269 0.73400067140720848257728903
0.15198217719046602791621581 0.03595080416272469076011120
0.63676870021668141585990952 0.45429853205969422669241453
0.54518265327921389129528507 0.19959105197302162704175998
0.38364818262276068061567003 0.81197546311838131316562794
